1134
(486437.10000000003, 806.09, 7442439.84) (0, 1, 0) (0, 0) 
(486437.11, 806.0500000000001, 7442441.42) (0, 1, 0) (0, 0) 
(486437.51, 806.14, 7442440.97) (0, 1, 0) (0, 0) 
(486437.88, 806.22, 7442440.54) (0, 1, 0) (0, 0) 
(486438.25, 806.26, 7442440.12) (0, 1, 0) (0, 0) 
(486438.62, 806.38, 7442439.69) (0, 1, 0) (0, 0) 
(486437.22000000003, 806.3100000000001, 7442442.98) (0, 1, 0) (0, 0) 
(486437.60000000003, 806.2, 7442442.55) (0, 1, 0) (0, 0) 
(486437.96, 806.15, 7442442.140000001) (0, 1, 0) (0, 0) 
(486438.36, 806.13, 7442441.69) (0, 1, 0) (0, 0) 
(486438.73, 806.26, 7442441.25) (0, 1, 0) (0, 0) 
(486439.08, 806.4200000000001, 7442440.86) (0, 1, 0) (0, 0) 
(486439.48, 806.5, 7442440.390000001) (0, 1, 0) (0, 0) 
(486439.86, 806.59, 7442439.96) (0, 1, 0) (0, 0) 
(486437.42, 806.36, 7442444.43) (0, 1, 0) (0, 0) 
(486437.78, 806.35, 7442444.0200000005) (0, 1, 0) (0, 0) 
(486438.19, 806.3000000000001, 7442443.5600000005) (0, 1, 0) (0, 0) 
(486438.56, 806.3000000000001, 7442443.140000001) (0, 1, 0) (0, 0) 
(486438.91000000003, 806.35, 7442442.73) (0, 1, 0) (0, 0) 
(486439.3, 806.4300000000001, 7442442.29) (0, 1, 0) (0, 0) 
(486439.67, 806.59, 7442441.86) (0, 1, 0) (0, 0) 
(486440.04000000004, 806.65, 7442441.44) (0, 1, 0) (0, 0) 
(486440.44, 806.66, 7442440.98) (0, 1, 0) (0, 0) 
(486440.82, 806.71, 7442440.55) (0, 1, 0) (0, 0) 
(486441.21, 806.8000000000001, 7442440.100000001) (0, 1, 0) (0, 0) 
(486441.55, 806.9300000000001, 7442439.7) (0, 1, 0) (0, 0) 
(486437.38, 806.12, 7442445.87) (0, 1, 0) (0, 0) 
(486437.72000000003, 806.24, 7442445.49) (0, 1, 0) (0, 0) 
(486438.12, 806.3100000000001, 7442445.03) (0, 1, 0) (0, 0) 
(486438.48, 806.37, 7442444.61) (0, 1, 0) (0, 0) 
(486438.85000000003, 806.4300000000001, 7442444.19) (0, 1, 0) (0, 0) 
(486439.23, 806.5, 7442443.76) (0, 1, 0) (0, 0) 
(486439.58, 806.51, 7442443.350000001) (0, 1, 0) (0, 0) 
(486439.96, 806.5600000000001, 7442442.92) (0, 1, 0) (0, 0) 
(486440.37, 806.62, 7442442.46) (0, 1, 0) (0, 0) 
(486440.71, 806.65, 7442442.0600000005) (0, 1, 0) (0, 0) 
(486441.10000000003, 806.71, 7442441.62) (0, 1, 0) (0, 0) 
(486441.5, 806.79, 7442441.17) (0, 1, 0) (0, 0) 
(486441.88, 806.84, 7442440.73) (0, 1, 0) (0, 0) 
(486442.25, 806.98, 7442440.3) (0, 1, 0) (0, 0) 
(486442.59, 807.21, 7442439.91) (0, 1, 0) (0, 0) 
(486440.22000000003, 806.53, 7442444.0) (0, 1, 0) (0, 0) 
(486440.61, 806.6, 7442443.55) (0, 1, 0) (0, 0) 
(486441.0, 806.59, 7442443.11) (0, 1, 0) (0, 0) 
(486441.34, 806.6800000000001, 7442442.71) (0, 1, 0) (0, 0) 
(486441.75, 806.77, 7442442.25) (0, 1, 0) (0, 0) 
(486442.13, 806.86, 7442441.82) (0, 1, 0) (0, 0) 
(486442.51, 806.9300000000001, 7442441.37) (0, 1, 0) (0, 0) 
(486442.87, 807.08, 7442440.96) (0, 1, 0) (0, 0) 
(486443.2, 807.32, 7442440.58) (0, 1, 0) (0, 0) 
(486443.57, 807.49, 7442440.15) (0, 1, 0) (0, 0) 
(486443.92, 807.6, 7442439.75) (0, 1, 0) (0, 0) 
(486437.28, 805.99, 7442447.37) (0, 1, 0) (0, 0) 
(486437.65, 806.12, 7442446.94) (0, 1, 0) (0, 0) 
(486438.01, 806.1700000000001, 7442446.53) (0, 1, 0) (0, 0) 
(486438.36, 806.3000000000001, 7442446.13) (0, 1, 0) (0, 0) 
(486438.75, 806.39, 7442445.68) (0, 1, 0) (0, 0) 
(486439.10000000003, 806.47, 7442445.28) (0, 1, 0) (0, 0) 
(486439.5, 806.49, 7442444.82) (0, 1, 0) (0, 0) 
(486439.86, 806.5500000000001, 7442444.41) (0, 1, 0) (0, 0) 
(486437.24, 805.97, 7442448.890000001) (0, 1, 0) (0, 0) 
(486437.64, 806.13, 7442448.43) (0, 1, 0) (0, 0) 
(486437.99, 806.3100000000001, 7442448.0200000005) (0, 1, 0) (0, 0) 
(486438.34, 806.3000000000001, 7442447.62) (0, 1, 0) (0, 0) 
(486438.71, 806.38, 7442447.21) (0, 1, 0) (0, 0) 
(486439.06, 806.38, 7442446.8) (0, 1, 0) (0, 0) 
(486439.44, 806.47, 7442446.37) (0, 1, 0) (0, 0) 
(486439.83, 806.51, 7442445.93) (0, 1, 0) (0, 0) 
(486440.2, 806.58, 7442445.5) (0, 1, 0) (0, 0) 
(486440.57, 806.62, 7442445.08) (0, 1, 0) (0, 0) 
(486440.93, 806.69, 7442444.67) (0, 1, 0) (0, 0) 
(486441.3, 806.77, 7442444.24) (0, 1, 0) (0, 0) 
(486441.71, 806.79, 7442443.7700000005) (0, 1, 0) (0, 0) 
(486442.06, 806.89, 7442443.38) (0, 1, 0) (0, 0) 
(486442.44, 806.98, 7442442.93) (0, 1, 0) (0, 0) 
(486442.83, 807.16, 7442442.49) (0, 1, 0) (0, 0) 
(486443.2, 807.22, 7442442.0600000005) (0, 1, 0) (0, 0) 
(486443.58, 807.35, 7442441.63) (0, 1, 0) (0, 0) 
(486443.92, 807.57, 7442441.24) (0, 1, 0) (0, 0) 
(486444.27, 807.64, 7442440.83) (0, 1, 0) (0, 0) 
(486444.64, 807.6700000000001, 7442440.42) (0, 1, 0) (0, 0) 
(486445.02, 807.7, 7442439.98) (0, 1, 0) (0, 0) 
(486439.11, 806.5, 7442448.15) (0, 1, 0) (0, 0) 
(486439.47000000003, 806.53, 7442447.73) (0, 1, 0) (0, 0) 
(486439.82, 806.61, 7442447.33) (0, 1, 0) (0, 0) 
(486440.22000000003, 806.62, 7442446.87) (0, 1, 0) (0, 0) 
(486440.59, 806.63, 7442446.45) (0, 1, 0) (0, 0) 
(486440.96, 806.72, 7442446.0200000005) (0, 1, 0) (0, 0) 
(486441.33, 806.79, 7442445.600000001) (0, 1, 0) (0, 0) 
(486441.69, 806.78, 7442445.2) (0, 1, 0) (0, 0) 
(486442.08, 806.85, 7442444.75) (0, 1, 0) (0, 0) 
(486442.47000000003, 806.88, 7442444.3) (0, 1, 0) (0, 0) 
(486442.82, 806.99, 7442443.9) (0, 1, 0) (0, 0) 
(486443.21, 807.12, 7442443.46) (0, 1, 0) (0, 0) 
(486443.58, 807.28, 7442443.0200000005) (0, 1, 0) (0, 0) 
(486443.97000000003, 807.35, 7442442.58) (0, 1, 0) (0, 0) 
(486444.33, 807.62, 7442442.16) (0, 1, 0) (0, 0) 
(486444.68, 807.72, 7442441.76) (0, 1, 0) (0, 0) 
(486445.03, 807.85, 7442441.36) (0, 1, 0) (0, 0) 
(486445.37, 808.04, 7442440.96) (0, 1, 0) (0, 0) 
(486445.76, 808.07, 7442440.53) (0, 1, 0) (0, 0) 
(486446.13, 808.11, 7442440.100000001) (0, 1, 0) (0, 0) 
(486446.51, 808.33, 7442439.66) (0, 1, 0) (0, 0) 
(486437.24, 805.88, 7442450.28) (0, 1, 0) (0, 0) 
(486437.62, 806.04, 7442449.850000001) (0, 1, 0) (0, 0) 
(486438.0, 806.14, 7442449.41) (0, 1, 0) (0, 0) 
(486438.41000000003, 806.26, 7442448.95) (0, 1, 0) (0, 0) 
(486438.76, 806.4, 7442448.55) (0, 1, 0) (0, 0) 
(486437.19, 805.72, 7442451.61) (0, 1, 0) (0, 0) 
(486437.58, 805.97, 7442451.16) (0, 1, 0) (0, 0) 
(486437.91000000003, 806.1, 7442450.7700000005) (0, 1, 0) (0, 0) 
(486438.31, 806.22, 7442450.32) (0, 1, 0) (0, 0) 
(486438.69, 806.28, 7442449.88) (0, 1, 0) (0, 0) 
(486439.07, 806.37, 7442449.45) (0, 1, 0) (0, 0) 
(486439.44, 806.51, 7442449.0200000005) (0, 1, 0) (0, 0) 
(486439.78, 806.6, 7442448.63) (0, 1, 0) (0, 0) 
(486440.15, 806.63, 7442448.21) (0, 1, 0) (0, 0) 
(486440.52, 806.71, 7442447.79) (0, 1, 0) (0, 0) 
(486440.89, 806.83, 7442447.37) (0, 1, 0) (0, 0) 
(486441.27, 806.78, 7442446.93) (0, 1, 0) (0, 0) 
(486441.65, 806.85, 7442446.49) (0, 1, 0) (0, 0) 
(486442.01, 806.8100000000001, 7442446.09) (0, 1, 0) (0, 0) 
(486442.38, 806.9200000000001, 7442445.66) (0, 1, 0) (0, 0) 
(486442.75, 806.96, 7442445.23) (0, 1, 0) (0, 0) 
(486443.14, 807.11, 7442444.79) (0, 1, 0) (0, 0) 
(486443.51, 807.26, 7442444.37) (0, 1, 0) (0, 0) 
(486443.86, 807.46, 7442443.96) (0, 1, 0) (0, 0) 
(486444.26, 807.6800000000001, 7442443.5) (0, 1, 0) (0, 0) 
(486444.63, 807.88, 7442443.08) (0, 1, 0) (0, 0) 
(486444.97000000003, 808.16, 7442442.69) (0, 1, 0) (0, 0) 
(486445.33, 808.35, 7442442.2700000005) (0, 1, 0) (0, 0) 
(486445.67, 808.52, 7442441.88) (0, 1, 0) (0, 0) 
(486446.03, 808.7, 7442441.47) (0, 1, 0) (0, 0) 
(486446.42, 808.73, 7442441.0200000005) (0, 1, 0) (0, 0) 
(486446.75, 808.96, 7442440.640000001) (0, 1, 0) (0, 0) 
(486447.14, 809.2, 7442440.19) (0, 1, 0) (0, 0) 
(486447.5, 809.1, 7442439.78) (0, 1, 0) (0, 0) 
(486442.41000000003, 806.9, 7442446.98) (0, 1, 0) (0, 0) 
(486442.77, 807.0500000000001, 7442446.57) (0, 1, 0) (0, 0) 
(486443.12, 807.11, 7442446.17) (0, 1, 0) (0, 0) 
(486443.49, 807.23, 7442445.73) (0, 1, 0) (0, 0) 
(486443.89, 807.44, 7442445.28) (0, 1, 0) (0, 0) 
(486444.23, 807.59, 7442444.890000001) (0, 1, 0) (0, 0) 
(486444.60000000003, 807.88, 7442444.46) (0, 1, 0) (0, 0) 
(486444.98, 808.26, 7442444.0200000005) (0, 1, 0) (0, 0) 
(486445.3, 809.0600000000001, 7442443.65) (0, 1, 0) (0, 0) 
(486445.67, 809.2, 7442443.22) (0, 1, 0) (0, 0) 
(486446.01, 809.3000000000001, 7442442.83) (0, 1, 0) (0, 0) 
(486446.37, 809.38, 7442442.42) (0, 1, 0) (0, 0) 
(486446.75, 809.34, 7442441.99) (0, 1, 0) (0, 0) 
(486447.13, 809.21, 7442441.55) (0, 1, 0) (0, 0) 
(486447.51, 809.29, 7442441.12) (0, 1, 0) (0, 0) 
(486447.88, 809.46, 7442440.69) (0, 1, 0) (0, 0) 
(486448.22000000003, 809.7, 7442440.3) (0, 1, 0) (0, 0) 
(486448.58, 809.91, 7442439.890000001) (0, 1, 0) (0, 0) 
(486437.2, 805.76, 7442452.94) (0, 1, 0) (0, 0) 
(486437.54000000004, 805.85, 7442452.55) (0, 1, 0) (0, 0) 
(486437.94, 806.0, 7442452.09) (0, 1, 0) (0, 0) 
(486438.32, 806.08, 7442451.65) (0, 1, 0) (0, 0) 
(486438.67, 806.23, 7442451.25) (0, 1, 0) (0, 0) 
(486439.06, 806.32, 7442450.8) (0, 1, 0) (0, 0) 
(486439.43, 806.41, 7442450.38) (0, 1, 0) (0, 0) 
(486439.84, 806.52, 7442449.92) (0, 1, 0) (0, 0) 
(486440.19, 806.59, 7442449.51) (0, 1, 0) (0, 0) 
(486440.55, 806.59, 7442449.100000001) (0, 1, 0) (0, 0) 
(486440.91000000003, 806.7, 7442448.69) (0, 1, 0) (0, 0) 
(486441.26, 806.76, 7442448.29) (0, 1, 0) (0, 0) 
(486441.66000000003, 806.79, 7442447.83) (0, 1, 0) (0, 0) 
(486442.03, 806.8100000000001, 7442447.41) (0, 1, 0) (0, 0) 
(486437.2, 805.86, 7442454.38) (0, 1, 0) (0, 0) 
(486437.57, 805.9, 7442453.96) (0, 1, 0) (0, 0) 
(486437.95, 805.98, 7442453.5200000005) (0, 1, 0) (0, 0) 
(486438.3, 806.08, 7442453.12) (0, 1, 0) (0, 0) 
(486438.67, 806.28, 7442452.69) (0, 1, 0) (0, 0) 
(486439.07, 806.33, 7442452.24) (0, 1, 0) (0, 0) 
(486439.41000000003, 806.39, 7442451.850000001) (0, 1, 0) (0, 0) 
(486439.83, 806.4, 7442451.38) (0, 1, 0) (0, 0) 
(486440.21, 806.53, 7442450.94) (0, 1, 0) (0, 0) 
(486440.59, 806.59, 7442450.51) (0, 1, 0) (0, 0) 
(486440.95, 806.66, 7442450.09) (0, 1, 0) (0, 0) 
(486441.3, 806.66, 7442449.69) (0, 1, 0) (0, 0) 
(486441.66000000003, 806.73, 7442449.28) (0, 1, 0) (0, 0) 
(486442.04000000004, 806.84, 7442448.850000001) (0, 1, 0) (0, 0) 
(486442.41000000003, 806.91, 7442448.42) (0, 1, 0) (0, 0) 
(486442.78, 806.9200000000001, 7442448.0) (0, 1, 0) (0, 0) 
(486443.16000000003, 807.04, 7442447.57) (0, 1, 0) (0, 0) 
(486443.5, 807.27, 7442447.18) (0, 1, 0) (0, 0) 
(486443.88, 807.3100000000001, 7442446.74) (0, 1, 0) (0, 0) 
(486444.24, 807.62, 7442446.32) (0, 1, 0) (0, 0) 
(486444.61, 807.94, 7442445.890000001) (0, 1, 0) (0, 0) 
(486445.28, 809.0600000000001, 7442445.12) (0, 1, 0) (0, 0) 
(486445.67, 809.26, 7442444.66) (0, 1, 0) (0, 0) 
(486446.04000000004, 809.46, 7442444.23) (0, 1, 0) (0, 0) 
(486446.39, 809.6700000000001, 7442443.83) (0, 1, 0) (0, 0) 
(486446.74, 809.9200000000001, 7442443.43) (0, 1, 0) (0, 0) 
(486447.08, 810.04, 7442443.04) (0, 1, 0) (0, 0) 
(486447.46, 810.01, 7442442.600000001) (0, 1, 0) (0, 0) 
(486447.86, 809.96, 7442442.15) (0, 1, 0) (0, 0) 
(486448.23, 809.72, 7442441.73) (0, 1, 0) (0, 0) 
(486448.62, 809.76, 7442441.28) (0, 1, 0) (0, 0) 
(486448.95, 810.0600000000001, 7442440.91) (0, 1, 0) (0, 0) 
(486449.31, 810.0600000000001, 7442440.49) (0, 1, 0) (0, 0) 
(486449.72000000003, 810.11, 7442440.0200000005) (0, 1, 0) (0, 0) 
(486449.69, 810.61, 7442441.43) (0, 1, 0) (0, 0) 
(486450.08, 810.6, 7442440.99) (0, 1, 0) (0, 0) 
(486450.47000000003, 810.65, 7442440.55) (0, 1, 0) (0, 0) 
(486450.87, 810.45, 7442440.09) (0, 1, 0) (0, 0) 
(486451.24, 810.3100000000001, 7442439.68) (0, 1, 0) (0, 0) 
(486437.96, 805.99, 7442454.890000001) (0, 1, 0) (0, 0) 
(486438.36, 806.03, 7442454.43) (0, 1, 0) (0, 0) 
(486438.72000000003, 806.1800000000001, 7442454.01) (0, 1, 0) (0, 0) 
(486439.07, 806.1800000000001, 7442453.62) (0, 1, 0) (0, 0) 
(486439.45, 806.41, 7442453.17) (0, 1, 0) (0, 0) 
(486439.83, 806.5500000000001, 7442452.74) (0, 1, 0) (0, 0) 
(486440.2, 806.5500000000001, 7442452.32) (0, 1, 0) (0, 0) 
(486440.60000000003, 806.62, 7442451.87) (0, 1, 0) (0, 0) 
(486440.98, 806.61, 7442451.44) (0, 1, 0) (0, 0) 
(486441.37, 806.6, 7442450.98) (0, 1, 0) (0, 0) 
(486441.72000000003, 806.78, 7442450.58) (0, 1, 0) (0, 0) 
(486442.09, 806.8100000000001, 7442450.17) (0, 1, 0) (0, 0) 
(486442.45, 806.91, 7442449.75) (0, 1, 0) (0, 0) 
(486442.8, 807.0500000000001, 7442449.350000001) (0, 1, 0) (0, 0) 
(486443.18, 807.24, 7442448.92) (0, 1, 0) (0, 0) 
(486443.53, 807.35, 7442448.5200000005) (0, 1, 0) (0, 0) 
(486443.91000000003, 807.41, 7442448.08) (0, 1, 0) (0, 0) 
(486444.29000000004, 807.32, 7442447.65) (0, 1, 0) (0, 0) 
(486444.64, 807.61, 7442447.24) (0, 1, 0) (0, 0) 
(486445.01, 807.83, 7442446.82) (0, 1, 0) (0, 0) 
(486445.3, 809.3100000000001, 7442446.46) (0, 1, 0) (0, 0) 
(486445.4, 807.98, 7442446.37) (0, 1, 0) (0, 0) 
(486445.63, 809.64, 7442446.08) (0, 1, 0) (0, 0) 
(486446.02, 809.82, 7442445.640000001) (0, 1, 0) (0, 0) 
(486446.4, 810.0, 7442445.19) (0, 1, 0) (0, 0) 
(486446.77, 810.19, 7442444.76) (0, 1, 0) (0, 0) 
(486447.14, 810.1700000000001, 7442444.34) (0, 1, 0) (0, 0) 
(486447.49, 810.26, 7442443.94) (0, 1, 0) (0, 0) 
(486447.85000000003, 810.3000000000001, 7442443.53) (0, 1, 0) (0, 0) 
(486448.23, 810.33, 7442443.11) (0, 1, 0) (0, 0) 
(486448.61, 810.33, 7442442.67) (0, 1, 0) (0, 0) 
(486448.97000000003, 810.4200000000001, 7442442.26) (0, 1, 0) (0, 0) 
(486449.34, 810.5500000000001, 7442441.83) (0, 1, 0) (0, 0) 
(486439.15, 806.26, 7442454.92) (0, 1, 0) (0, 0) 
(486439.53, 806.35, 7442454.5) (0, 1, 0) (0, 0) 
(486439.88, 806.38, 7442454.09) (0, 1, 0) (0, 0) 
(486440.25, 806.5500000000001, 7442453.67) (0, 1, 0) (0, 0) 
(486440.65, 806.69, 7442453.21) (0, 1, 0) (0, 0) 
(486441.0, 806.65, 7442452.8100000005) (0, 1, 0) (0, 0) 
(486441.41000000003, 806.69, 7442452.34) (0, 1, 0) (0, 0) 
(486441.79000000004, 806.6700000000001, 7442451.91) (0, 1, 0) (0, 0) 
(486442.17, 806.82, 7442451.48) (0, 1, 0) (0, 0) 
(486442.54000000004, 806.94, 7442451.05) (0, 1, 0) (0, 0) 
(486442.9, 806.9200000000001, 7442450.640000001) (0, 1, 0) (0, 0) 
(486443.25, 806.97, 7442450.24) (0, 1, 0) (0, 0) 
(486443.62, 807.07, 7442449.82) (0, 1, 0) (0, 0) 
(486443.99, 807.15, 7442449.390000001) (0, 1, 0) (0, 0) 
(486444.36, 807.23, 7442448.97) (0, 1, 0) (0, 0) 
(486444.74, 807.37, 7442448.53) (0, 1, 0) (0, 0) 
(486445.09, 807.52, 7442448.140000001) (0, 1, 0) (0, 0) 
(486445.45, 807.69, 7442447.72) (0, 1, 0) (0, 0) 
(486445.68, 809.75, 7442447.42) (0, 1, 0) (0, 0) 
(486446.07, 809.95, 7442446.97) (0, 1, 0) (0, 0) 
(486446.43, 810.14, 7442446.5600000005) (0, 1, 0) (0, 0) 
(486446.79000000004, 810.33, 7442446.15) (0, 1, 0) (0, 0) 
(486447.19, 810.4200000000001, 7442445.69) (0, 1, 0) (0, 0) 
(486447.56, 810.5500000000001, 7442445.26) (0, 1, 0) (0, 0) 
(486447.93, 810.5500000000001, 7442444.84) (0, 1, 0) (0, 0) 
(486448.3, 810.5, 7442444.42) (0, 1, 0) (0, 0) 
(486448.65, 810.5500000000001, 7442444.03) (0, 1, 0) (0, 0) 
(486449.01, 810.59, 7442443.61) (0, 1, 0) (0, 0) 
(486449.39, 810.74, 7442443.17) (0, 1, 0) (0, 0) 
(486449.74, 810.87, 7442442.7700000005) (0, 1, 0) (0, 0) 
(486450.15, 810.86, 7442442.3100000005) (0, 1, 0) (0, 0) 
(486450.5, 810.9, 7442441.9) (0, 1, 0) (0, 0) 
(486450.86, 810.88, 7442441.49) (0, 1, 0) (0, 0) 
(486451.27, 810.87, 7442441.03) (0, 1, 0) (0, 0) 
(486451.66000000003, 810.73, 7442440.59) (0, 1, 0) (0, 0) 
(486452.05, 810.52, 7442440.15) (0, 1, 0) (0, 0) 
(486452.44, 810.52, 7442439.71) (0, 1, 0) (0, 0) 
(486440.36, 806.51, 7442455.09) (0, 1, 0) (0, 0) 
(486440.71, 806.6, 7442454.7) (0, 1, 0) (0, 0) 
(486441.10000000003, 806.73, 7442454.25) (0, 1, 0) (0, 0) 
(486441.48, 806.74, 7442453.8100000005) (0, 1, 0) (0, 0) 
(486441.83, 806.8100000000001, 7442453.41) (0, 1, 0) (0, 0) 
(486442.24, 806.86, 7442452.94) (0, 1, 0) (0, 0) 
(486442.62, 806.9, 7442452.51) (0, 1, 0) (0, 0) 
(486443.0, 807.23, 7442452.08) (0, 1, 0) (0, 0) 
(486443.35000000003, 807.38, 7442451.67) (0, 1, 0) (0, 0) 
(486443.7, 807.4300000000001, 7442451.28) (0, 1, 0) (0, 0) 
(486444.07, 807.6, 7442450.850000001) (0, 1, 0) (0, 0) 
(486444.42, 807.73, 7442450.45) (0, 1, 0) (0, 0) 
(486444.79000000004, 807.9300000000001, 7442450.0200000005) (0, 1, 0) (0, 0) 
(486445.15, 808.13, 7442449.61) (0, 1, 0) (0, 0) 
(486445.51, 808.33, 7442449.2) (0, 1, 0) (0, 0) 
(486445.79000000004, 809.72, 7442448.850000001) (0, 1, 0) (0, 0) 
(486445.88, 808.48, 7442448.7700000005) (0, 1, 0) (0, 0) 
(486446.14, 809.9300000000001, 7442448.45) (0, 1, 0) (0, 0) 
(486446.48, 810.49, 7442448.05) (0, 1, 0) (0, 0) 
(486446.87, 810.66, 7442447.600000001) (0, 1, 0) (0, 0) 
(486447.21, 810.74, 7442447.21) (0, 1, 0) (0, 0) 
(486447.62, 810.7, 7442446.75) (0, 1, 0) (0, 0) 
(486448.02, 810.76, 7442446.3) (0, 1, 0) (0, 0) 
(486448.39, 810.83, 7442445.87) (0, 1, 0) (0, 0) 
(486448.76, 810.88, 7442445.45) (0, 1, 0) (0, 0) 
(486449.12, 810.84, 7442445.04) (0, 1, 0) (0, 0) 
(486449.47000000003, 810.9, 7442444.640000001) (0, 1, 0) (0, 0) 
(486449.84, 811.03, 7442444.22) (0, 1, 0) (0, 0) 
(486450.21, 811.1, 7442443.79) (0, 1, 0) (0, 0) 
(486450.56, 811.33, 7442443.390000001) (0, 1, 0) (0, 0) 
(486450.96, 811.4200000000001, 7442442.93) (0, 1, 0) (0, 0) 
(486451.3, 811.46, 7442442.54) (0, 1, 0) (0, 0) 
(486451.7, 811.24, 7442442.100000001) (0, 1, 0) (0, 0) 
(486452.08, 811.22, 7442441.66) (0, 1, 0) (0, 0) 
(486452.47000000003, 811.3000000000001, 7442441.22) (0, 1, 0) (0, 0) 
(486452.87, 810.96, 7442440.7700000005) (0, 1, 0) (0, 0) 
(486453.24, 811.01, 7442440.34) (0, 1, 0) (0, 0) 
(486453.64, 811.13, 7442439.890000001) (0, 1, 0) (0, 0) 
(486453.29000000004, 811.47, 7442441.850000001) (0, 1, 0) (0, 0) 
(486453.66000000003, 811.61, 7442441.42) (0, 1, 0) (0, 0) 
(486454.05, 811.57, 7442440.98) (0, 1, 0) (0, 0) 
(486454.43, 811.59, 7442440.54) (0, 1, 0) (0, 0) 
(486454.83, 811.58, 7442440.09) (0, 1, 0) (0, 0) 
(486455.18, 811.53, 7442439.69) (0, 1, 0) (0, 0) 
(486441.89, 807.08, 7442454.9) (0, 1, 0) (0, 0) 
(486442.3, 807.1700000000001, 7442454.44) (0, 1, 0) (0, 0) 
(486442.64, 807.36, 7442454.05) (0, 1, 0) (0, 0) 
(486443.02, 807.59, 7442453.61) (0, 1, 0) (0, 0) 
(486443.41000000003, 807.74, 7442453.17) (0, 1, 0) (0, 0) 
(486443.77, 807.83, 7442452.74) (0, 1, 0) (0, 0) 
(486444.15, 807.9300000000001, 7442452.3100000005) (0, 1, 0) (0, 0) 
(486444.5, 807.99, 7442451.92) (0, 1, 0) (0, 0) 
(486444.84, 808.28, 7442451.5200000005) (0, 1, 0) (0, 0) 
(486445.2, 808.49, 7442451.11) (0, 1, 0) (0, 0) 
(486445.56, 808.76, 7442450.7) (0, 1, 0) (0, 0) 
(486445.86, 809.91, 7442450.33) (0, 1, 0) (0, 0) 
(486445.94, 808.84, 7442450.2700000005) (0, 1, 0) (0, 0) 
(486446.21, 810.4300000000001, 7442449.92) (0, 1, 0) (0, 0) 
(486446.55, 810.6800000000001, 7442449.53) (0, 1, 0) (0, 0) 
(486446.9, 810.9200000000001, 7442449.13) (0, 1, 0) (0, 0) 
(486447.27, 811.03, 7442448.7) (0, 1, 0) (0, 0) 
(486447.67, 811.11, 7442448.25) (0, 1, 0) (0, 0) 
(486448.04000000004, 811.14, 7442447.83) (0, 1, 0) (0, 0) 
(486448.42, 811.14, 7442447.390000001) (0, 1, 0) (0, 0) 
(486448.81, 811.1800000000001, 7442446.95) (0, 1, 0) (0, 0) 
(486449.19, 811.2, 7442446.51) (0, 1, 0) (0, 0) 
(486449.55, 811.27, 7442446.11) (0, 1, 0) (0, 0) 
(486449.93, 811.28, 7442445.67) (0, 1, 0) (0, 0) 
(486450.28, 811.29, 7442445.2700000005) (0, 1, 0) (0, 0) 
(486450.65, 811.36, 7442444.86) (0, 1, 0) (0, 0) 
(486451.03, 811.45, 7442444.42) (0, 1, 0) (0, 0) 
(486451.38, 811.5500000000001, 7442444.0200000005) (0, 1, 0) (0, 0) 
(486451.78, 811.63, 7442443.5600000005) (0, 1, 0) (0, 0) 
(486452.12, 811.75, 7442443.17) (0, 1, 0) (0, 0) 
(486452.49, 811.69, 7442442.75) (0, 1, 0) (0, 0) 
(486452.9, 811.57, 7442442.29) (0, 1, 0) (0, 0) 
(486445.0, 808.6700000000001, 7442452.84) (0, 1, 0) (0, 0) 
(486445.34, 808.82, 7442452.45) (0, 1, 0) (0, 0) 
(486445.63, 810.03, 7442452.100000001) (0, 1, 0) (0, 0) 
(486445.96, 810.4200000000001, 7442451.72) (0, 1, 0) (0, 0) 
(486446.34, 810.62, 7442451.29) (0, 1, 0) (0, 0) 
(486446.69, 810.87, 7442450.88) (0, 1, 0) (0, 0) 
(486447.06, 811.02, 7442450.45) (0, 1, 0) (0, 0) 
(486447.42, 811.07, 7442450.04) (0, 1, 0) (0, 0) 
(486447.78, 811.1, 7442449.63) (0, 1, 0) (0, 0) 
(486448.17, 811.11, 7442449.18) (0, 1, 0) (0, 0) 
(486448.57, 811.24, 7442448.73) (0, 1, 0) (0, 0) 
(486448.91000000003, 811.36, 7442448.34) (0, 1, 0) (0, 0) 
(486449.3, 811.49, 7442447.9) (0, 1, 0) (0, 0) 
(486449.68, 811.58, 7442447.46) (0, 1, 0) (0, 0) 
(486450.07, 811.69, 7442447.0200000005) (0, 1, 0) (0, 0) 
(486450.43, 811.77, 7442446.600000001) (0, 1, 0) (0, 0) 
(486450.79000000004, 811.77, 7442446.19) (0, 1, 0) (0, 0) 
(486451.15, 811.84, 7442445.79) (0, 1, 0) (0, 0) 
(486451.52, 811.71, 7442445.36) (0, 1, 0) (0, 0) 
(486451.9, 811.74, 7442444.93) (0, 1, 0) (0, 0) 
(486452.26, 811.91, 7442444.5200000005) (0, 1, 0) (0, 0) 
(486452.64, 812.1, 7442444.08) (0, 1, 0) (0, 0) 
(486453.0, 812.1700000000001, 7442443.68) (0, 1, 0) (0, 0) 
(486453.35000000003, 812.37, 7442443.2700000005) (0, 1, 0) (0, 0) 
(486453.73, 812.4200000000001, 7442442.84) (0, 1, 0) (0, 0) 
(486454.13, 812.32, 7442442.38) (0, 1, 0) (0, 0) 
(486454.52, 812.08, 7442441.95) (0, 1, 0) (0, 0) 
(486454.92, 811.88, 7442441.49) (0, 1, 0) (0, 0) 
(486455.31, 811.94, 7442441.04) (0, 1, 0) (0, 0) 
(486455.7, 811.95, 7442440.61) (0, 1, 0) (0, 0) 
(486456.07, 811.88, 7442440.19) (0, 1, 0) (0, 0) 
(486443.17, 807.61, 7442454.95) (0, 1, 0) (0, 0) 
(486443.5, 807.89, 7442454.5600000005) (0, 1, 0) (0, 0) 
(486443.88, 808.12, 7442454.13) (0, 1, 0) (0, 0) 
(486444.25, 808.3000000000001, 7442453.7) (0, 1, 0) (0, 0) 
(486444.65, 808.53, 7442453.24) (0, 1, 0) (0, 0) 
(486444.57, 809.5600000000001, 7442454.71) (0, 1, 0) (0, 0) 
(486444.95, 809.73, 7442454.2700000005) (0, 1, 0) (0, 0) 
(486445.32, 809.87, 7442453.850000001) (0, 1, 0) (0, 0) 
(486445.68, 810.1700000000001, 7442453.43) (0, 1, 0) (0, 0) 
(486445.99, 810.64, 7442453.07) (0, 1, 0) (0, 0) 
(486446.34, 810.88, 7442452.66) (0, 1, 0) (0, 0) 
(486446.7, 811.09, 7442452.25) (0, 1, 0) (0, 0) 
(486447.07, 811.16, 7442451.83) (0, 1, 0) (0, 0) 
(486447.46, 811.12, 7442451.390000001) (0, 1, 0) (0, 0) 
(486447.84, 811.13, 7442450.96) (0, 1, 0) (0, 0) 
(486448.19, 811.1800000000001, 7442450.5600000005) (0, 1, 0) (0, 0) 
(486448.54000000004, 811.47, 7442450.15) (0, 1, 0) (0, 0) 
(486448.91000000003, 811.59, 7442449.72) (0, 1, 0) (0, 0) 
(486449.3, 811.6700000000001, 7442449.28) (0, 1, 0) (0, 0) 
(486449.67, 811.83, 7442448.86) (0, 1, 0) (0, 0) 
(486450.04000000004, 811.8100000000001, 7442448.43) (0, 1, 0) (0, 0) 
(486450.45, 811.84, 7442447.97) (0, 1, 0) (0, 0) 
(486450.82, 811.9300000000001, 7442447.54) (0, 1, 0) (0, 0) 
(486451.18, 812.03, 7442447.13) (0, 1, 0) (0, 0) 
(486451.55, 812.15, 7442446.71) (0, 1, 0) (0, 0) 
(486451.88, 812.23, 7442446.33) (0, 1, 0) (0, 0) 
(486452.25, 812.39, 7442445.91) (0, 1, 0) (0, 0) 
(486452.64, 812.44, 7442445.47) (0, 1, 0) (0, 0) 
(486453.0, 812.28, 7442445.05) (0, 1, 0) (0, 0) 
(486453.4, 812.44, 7442444.600000001) (0, 1, 0) (0, 0) 
(486453.74, 812.5500000000001, 7442444.22) (0, 1, 0) (0, 0) 
(486454.10000000003, 812.66, 7442443.8) (0, 1, 0) (0, 0) 
(486454.5, 812.59, 7442443.34) (0, 1, 0) (0, 0) 
(486454.88, 812.73, 7442442.92) (0, 1, 0) (0, 0) 
(486455.27, 812.5500000000001, 7442442.47) (0, 1, 0) (0, 0) 
(486455.68, 812.13, 7442442.01) (0, 1, 0) (0, 0) 
(486456.07, 812.1800000000001, 7442441.5600000005) (0, 1, 0) (0, 0) 
(486445.86, 810.33, 7442454.83) (0, 1, 0) (0, 0) 
(486446.26, 810.51, 7442454.37) (0, 1, 0) (0, 0) 
(486446.60000000003, 810.66, 7442453.98) (0, 1, 0) (0, 0) 
(486446.95, 810.8000000000001, 7442453.57) (0, 1, 0) (0, 0) 
(486447.32, 810.91, 7442453.16) (0, 1, 0) (0, 0) 
(486447.66000000003, 811.02, 7442452.7700000005) (0, 1, 0) (0, 0) 
(486448.06, 811.11, 7442452.3100000005) (0, 1, 0) (0, 0) 
(486448.4, 811.41, 7442451.91) (0, 1, 0) (0, 0) 
(486448.77, 811.5600000000001, 7442451.49) (0, 1, 0) (0, 0) 
(486449.13, 811.78, 7442451.08) (0, 1, 0) (0, 0) 
(486449.47000000003, 811.9200000000001, 7442450.69) (0, 1, 0) (0, 0) 
(486449.87, 812.01, 7442450.24) (0, 1, 0) (0, 0) 
(486450.26, 811.99, 7442449.79) (0, 1, 0) (0, 0) 
(486450.61, 812.01, 7442449.390000001) (0, 1, 0) (0, 0) 
(486451.01, 812.15, 7442448.94) (0, 1, 0) (0, 0) 
(486451.37, 812.4300000000001, 7442448.5200000005) (0, 1, 0) (0, 0) 
(486451.75, 812.62, 7442448.09) (0, 1, 0) (0, 0) 
(486452.12, 812.71, 7442447.67) (0, 1, 0) (0, 0) 
(486452.45, 812.89, 7442447.28) (0, 1, 0) (0, 0) 
(486452.81, 812.98, 7442446.87) (0, 1, 0) (0, 0) 
(486453.18, 813.01, 7442446.45) (0, 1, 0) (0, 0) 
(486453.57, 812.96, 7442446.01) (0, 1, 0) (0, 0) 
(486453.94, 812.96, 7442445.58) (0, 1, 0) (0, 0) 
(486454.33, 812.84, 7442445.140000001) (0, 1, 0) (0, 0) 
(486454.69, 812.82, 7442444.73) (0, 1, 0) (0, 0) 
(486455.07, 812.91, 7442444.3100000005) (0, 1, 0) (0, 0) 
(486455.43, 813.04, 7442443.890000001) (0, 1, 0) (0, 0) 
(486455.84, 813.0, 7442443.42) (0, 1, 0) (0, 0) 
(486456.21, 812.77, 7442443.0) (0, 1, 0) (0, 0) 
(486447.18, 811.12, 7442454.890000001) (0, 1, 0) (0, 0) 
(486447.54000000004, 811.1800000000001, 7442454.48) (0, 1, 0) (0, 0) 
(486447.88, 811.32, 7442454.09) (0, 1, 0) (0, 0) 
(486448.26, 811.32, 7442453.66) (0, 1, 0) (0, 0) 
(486448.61, 811.41, 7442453.26) (0, 1, 0) (0, 0) 
(486449.0, 811.49, 7442452.8100000005) (0, 1, 0) (0, 0) 
(486449.36, 811.54, 7442452.4) (0, 1, 0) (0, 0) 
(486449.73, 811.59, 7442451.97) (0, 1, 0) (0, 0) 
(486450.11, 811.65, 7442451.54) (0, 1, 0) (0, 0) 
(486450.47000000003, 811.76, 7442451.140000001) (0, 1, 0) (0, 0) 
(486450.84, 811.96, 7442450.71) (0, 1, 0) (0, 0) 
(486451.21, 812.24, 7442450.28) (0, 1, 0) (0, 0) 
(486451.55, 812.41, 7442449.9) (0, 1, 0) (0, 0) 
(486451.93, 812.6, 7442449.45) (0, 1, 0) (0, 0) 
(486452.32, 812.88, 7442449.01) (0, 1, 0) (0, 0) 
(486452.68, 813.13, 7442448.59) (0, 1, 0) (0, 0) 
(486453.04000000004, 813.33, 7442448.19) (0, 1, 0) (0, 0) 
(486453.38, 813.48, 7442447.79) (0, 1, 0) (0, 0) 
(486453.74, 813.46, 7442447.390000001) (0, 1, 0) (0, 0) 
(486454.12, 813.4200000000001, 7442446.95) (0, 1, 0) (0, 0) 
(486454.51, 813.35, 7442446.51) (0, 1, 0) (0, 0) 
(486454.88, 813.34, 7442446.09) (0, 1, 0) (0, 0) 
(486455.27, 813.37, 7442445.65) (0, 1, 0) (0, 0) 
(486455.62, 813.33, 7442445.25) (0, 1, 0) (0, 0) 
(486456.0, 813.38, 7442444.8100000005) (0, 1, 0) (0, 0) 
(486448.44, 811.22, 7442454.9) (0, 1, 0) (0, 0) 
(486448.81, 811.28, 7442454.48) (0, 1, 0) (0, 0) 
(486449.17, 811.37, 7442454.07) (0, 1, 0) (0, 0) 
(486449.52, 811.46, 7442453.67) (0, 1, 0) (0, 0) 
(486449.92, 811.46, 7442453.22) (0, 1, 0) (0, 0) 
(486450.27, 811.5, 7442452.82) (0, 1, 0) (0, 0) 
(486450.66000000003, 811.62, 7442452.38) (0, 1, 0) (0, 0) 
(486451.02, 811.78, 7442451.96) (0, 1, 0) (0, 0) 
(486451.37, 811.9200000000001, 7442451.57) (0, 1, 0) (0, 0) 
(486451.75, 812.07, 7442451.13) (0, 1, 0) (0, 0) 
(486452.12, 812.24, 7442450.7) (0, 1, 0) (0, 0) 
(486452.46, 812.62, 7442450.3100000005) (0, 1, 0) (0, 0) 
(486452.84, 813.0, 7442449.87) (0, 1, 0) (0, 0) 
(486453.19, 813.35, 7442449.46) (0, 1, 0) (0, 0) 
(486453.57, 813.54, 7442449.03) (0, 1, 0) (0, 0) 
(486453.92, 813.6800000000001, 7442448.63) (0, 1, 0) (0, 0) 
(486454.28, 813.73, 7442448.22) (0, 1, 0) (0, 0) 
(486454.66000000003, 813.63, 7442447.78) (0, 1, 0) (0, 0) 
(486455.03, 813.54, 7442447.37) (0, 1, 0) (0, 0) 
(486455.42, 813.51, 7442446.93) (0, 1, 0) (0, 0) 
(486455.79000000004, 813.49, 7442446.51) (0, 1, 0) (0, 0) 
(486456.16000000003, 813.52, 7442446.09) (0, 1, 0) (0, 0) 
(486449.55, 811.22, 7442454.88) (0, 1, 0) (0, 0) 
(486449.92, 811.29, 7442454.45) (0, 1, 0) (0, 0) 
(486450.26, 811.39, 7442454.0600000005) (0, 1, 0) (0, 0) 
(486450.66000000003, 811.48, 7442453.61) (0, 1, 0) (0, 0) 
(486451.02, 811.5500000000001, 7442453.2) (0, 1, 0) (0, 0) 
(486451.39, 811.7, 7442452.78) (0, 1, 0) (0, 0) 
(486451.76, 811.83, 7442452.36) (0, 1, 0) (0, 0) 
(486452.09, 811.99, 7442451.97) (0, 1, 0) (0, 0) 
(486452.49, 812.1, 7442451.5200000005) (0, 1, 0) (0, 0) 
(486452.86, 812.39, 7442451.09) (0, 1, 0) (0, 0) 
(486453.19, 812.64, 7442450.71) (0, 1, 0) (0, 0) 
(486453.56, 813.2, 7442450.28) (0, 1, 0) (0, 0) 
(486453.92, 813.49, 7442449.86) (0, 1, 0) (0, 0) 
(486454.31, 813.64, 7442449.42) (0, 1, 0) (0, 0) 
(486454.67, 813.74, 7442449.01) (0, 1, 0) (0, 0) 
(486455.0, 813.86, 7442448.63) (0, 1, 0) (0, 0) 
(486455.36, 814.09, 7442448.22) (0, 1, 0) (0, 0) 
(486455.73, 814.1800000000001, 7442447.8) (0, 1, 0) (0, 0) 
(486456.11, 814.03, 7442447.36) (0, 1, 0) (0, 0) 
(486450.86, 811.33, 7442454.87) (0, 1, 0) (0, 0) 
(486451.23, 811.39, 7442454.45) (0, 1, 0) (0, 0) 
(486451.61, 811.5, 7442454.0200000005) (0, 1, 0) (0, 0) 
(486451.96, 811.58, 7442453.62) (0, 1, 0) (0, 0) 
(486452.36, 811.73, 7442453.17) (0, 1, 0) (0, 0) 
(486452.7, 811.88, 7442452.78) (0, 1, 0) (0, 0) 
(486453.06, 812.01, 7442452.37) (0, 1, 0) (0, 0) 
(486453.45, 812.1700000000001, 7442451.92) (0, 1, 0) (0, 0) 
(486453.81, 812.35, 7442451.51) (0, 1, 0) (0, 0) 
(486454.17, 812.62, 7442451.09) (0, 1, 0) (0, 0) 
(486454.51, 813.26, 7442450.7) (0, 1, 0) (0, 0) 
(486454.87, 813.61, 7442450.28) (0, 1, 0) (0, 0) 
(486455.26, 813.82, 7442449.84) (0, 1, 0) (0, 0) 
(486455.59, 813.99, 7442449.45) (0, 1, 0) (0, 0) 
(486455.96, 814.09, 7442449.03) (0, 1, 0) (0, 0) 
(486452.17, 811.47, 7442454.9) (0, 1, 0) (0, 0) 
(486452.57, 811.59, 7442454.44) (0, 1, 0) (0, 0) 
(486452.92, 811.64, 7442454.04) (0, 1, 0) (0, 0) 
(486453.31, 811.73, 7442453.59) (0, 1, 0) (0, 0) 
(486453.67, 811.87, 7442453.19) (0, 1, 0) (0, 0) 
(486454.01, 812.02, 7442452.8) (0, 1, 0) (0, 0) 
(486454.4, 812.23, 7442452.350000001) (0, 1, 0) (0, 0) 
(486454.77, 812.46, 7442451.93) (0, 1, 0) (0, 0) 
(486455.11, 812.75, 7442451.53) (0, 1, 0) (0, 0) 
(486455.47000000003, 813.21, 7442451.12) (0, 1, 0) (0, 0) 
(486455.81, 813.7, 7442450.72) (0, 1, 0) (0, 0) 
(486456.21, 814.0, 7442450.2700000005) (0, 1, 0) (0, 0) 
(486453.47000000003, 811.58, 7442454.71) (0, 1, 0) (0, 0) 
(486453.83, 811.69, 7442454.3100000005) (0, 1, 0) (0, 0) 
(486454.21, 811.83, 7442453.87) (0, 1, 0) (0, 0) 
(486454.56, 812.0, 7442453.48) (0, 1, 0) (0, 0) 
(486454.93, 812.1700000000001, 7442453.05) (0, 1, 0) (0, 0) 
(486455.3, 812.46, 7442452.63) (0, 1, 0) (0, 0) 
(486455.66000000003, 812.8000000000001, 7442452.21) (0, 1, 0) (0, 0) 
(486456.0, 813.1700000000001, 7442451.82) (0, 1, 0) (0, 0) 
(486454.31, 811.64, 7442454.97) (0, 1, 0) (0, 0) 
(486454.68, 811.76, 7442454.5600000005) (0, 1, 0) (0, 0) 
(486455.06, 811.94, 7442454.11) (0, 1, 0) (0, 0) 
(486455.4, 812.07, 7442453.73) (0, 1, 0) (0, 0) 
(486455.77, 812.27, 7442453.3100000005) (0, 1, 0) (0, 0) 
(486456.13, 812.6, 7442452.9) (0, 1, 0) (0, 0) 
(486455.69, 811.89, 7442454.9) (0, 1, 0) (0, 0) 
(486456.06, 811.99, 7442454.48) (0, 1, 0) (0, 0) 
(486438.89, 806.47, 7442439.66) (0, 1, 0) (0, 0) 
(486438.36, 806.3100000000001, 7442439.86) (0, 1, 0) (0, 0) 
(486437.84, 806.19, 7442440.05) (0, 1, 0) (0, 0) 
(486437.31, 806.1, 7442440.26) (0, 1, 0) (0, 0) 
(486441.67, 806.97, 7442439.7700000005) (0, 1, 0) (0, 0) 
(486441.14, 806.83, 7442439.98) (0, 1, 0) (0, 0) 
(486440.61, 806.6700000000001, 7442440.17) (0, 1, 0) (0, 0) 
(486440.11, 806.6, 7442440.36) (0, 1, 0) (0, 0) 
(486439.56, 806.52, 7442440.57) (0, 1, 0) (0, 0) 
(486439.01, 806.4200000000001, 7442440.78) (0, 1, 0) (0, 0) 
(486438.52, 806.28, 7442440.97) (0, 1, 0) (0, 0) 
(486437.95, 806.1700000000001, 7442441.18) (0, 1, 0) (0, 0) 
(486437.4, 806.11, 7442441.390000001) (0, 1, 0) (0, 0) 
(486444.61, 807.6800000000001, 7442439.68) (0, 1, 0) (0, 0) 
(486444.07, 807.62, 7442439.890000001) (0, 1, 0) (0, 0) 
(486443.57, 807.5, 7442440.08) (0, 1, 0) (0, 0) 
(486443.04000000004, 807.3000000000001, 7442440.2700000005) (0, 1, 0) (0, 0) 
(486442.54000000004, 807.0600000000001, 7442440.46) (0, 1, 0) (0, 0) 
(486442.02, 806.86, 7442440.66) (0, 1, 0) (0, 0) 
(486441.48, 806.8000000000001, 7442440.86) (0, 1, 0) (0, 0) 
(486440.97000000003, 806.72, 7442441.05) (0, 1, 0) (0, 0) 
(486440.44, 806.6700000000001, 7442441.26) (0, 1, 0) (0, 0) 
(486439.88, 806.62, 7442441.47) (0, 1, 0) (0, 0) 
(486439.39, 806.5500000000001, 7442441.66) (0, 1, 0) (0, 0) 
(486438.84, 806.26, 7442441.86) (0, 1, 0) (0, 0) 
(486438.27, 806.19, 7442442.08) (0, 1, 0) (0, 0) 
(486437.73, 806.16, 7442442.28) (0, 1, 0) (0, 0) 
(486437.22000000003, 806.09, 7442442.48) (0, 1, 0) (0, 0) 
(486456.06, 812.0500000000001, 7442454.29) (0, 1, 0) (0, 0) 
(486455.54000000004, 811.95, 7442454.48) (0, 1, 0) (0, 0) 
(486455.07, 811.8100000000001, 7442454.66) (0, 1, 0) (0, 0) 
(486454.53, 811.7, 7442454.87) (0, 1, 0) (0, 0) 
(486453.99, 811.62, 7442455.07) (0, 1, 0) (0, 0) 
(486455.89, 812.39, 7442453.21) (0, 1, 0) (0, 0) 
(486455.39, 812.16, 7442453.4) (0, 1, 0) (0, 0) 
(486454.91000000003, 812.01, 7442453.58) (0, 1, 0) (0, 0) 
(486454.39, 811.89, 7442453.7700000005) (0, 1, 0) (0, 0) 
(486453.91000000003, 811.78, 7442453.96) (0, 1, 0) (0, 0) 
(486453.36, 811.64, 7442454.16) (0, 1, 0) (0, 0) 
(486452.83, 811.6, 7442454.37) (0, 1, 0) (0, 0) 
(486452.3, 811.53, 7442454.57) (0, 1, 0) (0, 0) 
(486451.78, 811.4300000000001, 7442454.76) (0, 1, 0) (0, 0) 
(486451.27, 811.35, 7442454.96) (0, 1, 0) (0, 0) 
(486455.89, 812.9300000000001, 7442452.24) (0, 1, 0) (0, 0) 
(486455.33, 812.59, 7442452.45) (0, 1, 0) (0, 0) 
(486454.85000000003, 812.29, 7442452.62) (0, 1, 0) (0, 0) 
(486454.37, 812.1, 7442452.8100000005) (0, 1, 0) (0, 0) 
(486453.85000000003, 811.97, 7442453.0) (0, 1, 0) (0, 0) 
(486453.35000000003, 811.84, 7442453.19) (0, 1, 0) (0, 0) 
(486452.82, 811.71, 7442453.390000001) (0, 1, 0) (0, 0) 
(486452.29000000004, 811.63, 7442453.59) (0, 1, 0) (0, 0) 
(486451.77, 811.54, 7442453.79) (0, 1, 0) (0, 0) 
(486451.24, 811.47, 7442453.99) (0, 1, 0) (0, 0) 
(486450.74, 811.4, 7442454.18) (0, 1, 0) (0, 0) 
(486450.2, 811.35, 7442454.390000001) (0, 1, 0) (0, 0) 
(486449.62, 811.29, 7442454.61) (0, 1, 0) (0, 0) 
(486449.14, 811.24, 7442454.79) (0, 1, 0) (0, 0) 
(486448.58, 811.19, 7442455.0) (0, 1, 0) (0, 0) 
(486456.03, 813.48, 7442451.32) (0, 1, 0) (0, 0) 
(486455.48, 813.03, 7442451.5200000005) (0, 1, 0) (0, 0) 
(486454.97000000003, 812.58, 7442451.71) (0, 1, 0) (0, 0) 
(486454.49, 812.37, 7442451.890000001) (0, 1, 0) (0, 0) 
(486453.97000000003, 812.24, 7442452.08) (0, 1, 0) (0, 0) 
(486453.49, 812.12, 7442452.2700000005) (0, 1, 0) (0, 0) 
(486452.98, 811.99, 7442452.46) (0, 1, 0) (0, 0) 
(486452.41000000003, 811.85, 7442452.67) (0, 1, 0) (0, 0) 
(486451.93, 811.77, 7442452.86) (0, 1, 0) (0, 0) 
(486451.37, 811.65, 7442453.07) (0, 1, 0) (0, 0) 
(486450.88, 811.52, 7442453.25) (0, 1, 0) (0, 0) 
(486450.38, 811.47, 7442453.44) (0, 1, 0) (0, 0) 
(486449.8, 811.46, 7442453.67) (0, 1, 0) (0, 0) 
(486449.26, 811.4200000000001, 7442453.87) (0, 1, 0) (0, 0) 
(486448.75, 811.38, 7442454.07) (0, 1, 0) (0, 0) 
(486448.21, 811.27, 7442454.2700000005) (0, 1, 0) (0, 0) 
(486447.66000000003, 811.22, 7442454.48) (0, 1, 0) (0, 0) 
(486447.10000000003, 811.04, 7442454.69) (0, 1, 0) (0, 0) 
(486446.62, 810.79, 7442454.87) (0, 1, 0) (0, 0) 
(486446.13, 810.51, 7442455.05) (0, 1, 0) (0, 0) 
(486454.05, 812.61, 7442451.17) (0, 1, 0) (0, 0) 
(486453.54000000004, 812.39, 7442451.36) (0, 1, 0) (0, 0) 
(486453.06, 812.25, 7442451.54) (0, 1, 0) (0, 0) 
(486452.55, 812.0600000000001, 7442451.73) (0, 1, 0) (0, 0) 
(486451.99, 811.96, 7442451.94) (0, 1, 0) (0, 0) 
(486451.5, 811.88, 7442452.13) (0, 1, 0) (0, 0) 
(486450.95, 811.72, 7442452.34) (0, 1, 0) (0, 0) 
(486450.46, 811.57, 7442452.5200000005) (0, 1, 0) (0, 0) 
(486449.96, 811.51, 7442452.71) (0, 1, 0) (0, 0) 
(486449.38, 811.48, 7442452.93) (0, 1, 0) (0, 0) 
(486448.84, 811.4300000000001, 7442453.140000001) (0, 1, 0) (0, 0) 
(486448.33, 811.33, 7442453.33) (0, 1, 0) (0, 0) 
(486447.8, 811.21, 7442453.53) (0, 1, 0) (0, 0) 
(486447.27, 810.9300000000001, 7442453.73) (0, 1, 0) (0, 0) 
(486446.71, 810.6700000000001, 7442453.94) (0, 1, 0) (0, 0) 
(486446.23, 810.37, 7442454.12) (0, 1, 0) (0, 0) 
(486445.74, 810.12, 7442454.3) (0, 1, 0) (0, 0) 
(486445.23, 809.91, 7442454.49) (0, 1, 0) (0, 0) 
(486444.77, 809.61, 7442454.67) (0, 1, 0) (0, 0) 
(486444.26, 808.75, 7442454.850000001) (0, 1, 0) (0, 0) 
(486443.78, 808.27, 7442455.0200000005) (0, 1, 0) (0, 0) 
(486456.10000000003, 813.95, 7442450.4) (0, 1, 0) (0, 0) 
(486455.59, 813.74, 7442450.600000001) (0, 1, 0) (0, 0) 
(486455.03, 813.46, 7442450.8100000005) (0, 1, 0) (0, 0) 
(486454.52, 812.99, 7442450.99) (0, 1, 0) (0, 0) 
(486456.08, 814.02, 7442449.43) (0, 1, 0) (0, 0) 
(486455.59, 813.96, 7442449.61) (0, 1, 0) (0, 0) 
(486455.04000000004, 813.75, 7442449.82) (0, 1, 0) (0, 0) 
(486454.53, 813.51, 7442450.01) (0, 1, 0) (0, 0) 
(486453.98, 813.36, 7442450.22) (0, 1, 0) (0, 0) 
(486453.48, 813.03, 7442450.41) (0, 1, 0) (0, 0) 
(486453.01, 812.65, 7442450.58) (0, 1, 0) (0, 0) 
(486452.51, 812.39, 7442450.7700000005) (0, 1, 0) (0, 0) 
(486452.01, 812.16, 7442450.96) (0, 1, 0) (0, 0) 
(486451.49, 812.0500000000001, 7442451.15) (0, 1, 0) (0, 0) 
(486450.96, 811.9200000000001, 7442451.350000001) (0, 1, 0) (0, 0) 
(486450.45, 811.6700000000001, 7442451.55) (0, 1, 0) (0, 0) 
(486449.93, 811.63, 7442451.74) (0, 1, 0) (0, 0) 
(486449.41000000003, 811.59, 7442451.94) (0, 1, 0) (0, 0) 
(486448.88, 811.54, 7442452.140000001) (0, 1, 0) (0, 0) 
(486448.32, 811.28, 7442452.350000001) (0, 1, 0) (0, 0) 
(486447.83, 811.07, 7442452.53) (0, 1, 0) (0, 0) 
(486447.29000000004, 811.0600000000001, 7442452.74) (0, 1, 0) (0, 0) 
(486446.72000000003, 811.07, 7442452.96) (0, 1, 0) (0, 0) 
(486446.21, 810.82, 7442453.15) (0, 1, 0) (0, 0) 
(486445.72000000003, 810.22, 7442453.33) (0, 1, 0) (0, 0) 
(486445.25, 809.6, 7442453.5) (0, 1, 0) (0, 0) 
(486444.82, 808.86, 7442453.66) (0, 1, 0) (0, 0) 
(486444.32, 808.4200000000001, 7442453.84) (0, 1, 0) (0, 0) 
(486443.81, 808.07, 7442454.03) (0, 1, 0) (0, 0) 
(486443.32, 807.73, 7442454.21) (0, 1, 0) (0, 0) 
(486442.77, 807.4200000000001, 7442454.42) (0, 1, 0) (0, 0) 
(486442.3, 807.16, 7442454.59) (0, 1, 0) (0, 0) 
(486441.78, 807.0, 7442454.79) (0, 1, 0) (0, 0) 
(486441.25, 806.76, 7442454.99) (0, 1, 0) (0, 0) 
(486456.16000000003, 814.15, 7442448.48) (0, 1, 0) (0, 0) 
(486455.60000000003, 814.12, 7442448.69) (0, 1, 0) (0, 0) 
(486455.14, 813.88, 7442448.87) (0, 1, 0) (0, 0) 
(486454.58, 813.73, 7442449.08) (0, 1, 0) (0, 0) 
(486454.05, 813.65, 7442449.28) (0, 1, 0) (0, 0) 
(486453.5, 813.51, 7442449.49) (0, 1, 0) (0, 0) 
(486452.99, 813.21, 7442449.68) (0, 1, 0) (0, 0) 
(486452.53, 812.86, 7442449.850000001) (0, 1, 0) (0, 0) 
(486452.03, 812.52, 7442450.03) (0, 1, 0) (0, 0) 
(486451.54000000004, 812.3000000000001, 7442450.22) (0, 1, 0) (0, 0) 
(486442.89, 807.3100000000001, 7442453.45) (0, 1, 0) (0, 0) 
(486442.33, 807.02, 7442453.66) (0, 1, 0) (0, 0) 
(486441.86, 806.83, 7442453.84) (0, 1, 0) (0, 0) 
(486441.33, 806.73, 7442454.04) (0, 1, 0) (0, 0) 
(486440.79000000004, 806.61, 7442454.24) (0, 1, 0) (0, 0) 
(486440.26, 806.48, 7442454.44) (0, 1, 0) (0, 0) 
(486439.73, 806.36, 7442454.640000001) (0, 1, 0) (0, 0) 
(486439.2, 806.27, 7442454.84) (0, 1, 0) (0, 0) 
(486438.64, 806.16, 7442455.0600000005) (0, 1, 0) (0, 0) 
(486451.01, 812.11, 7442450.42) (0, 1, 0) (0, 0) 
(486450.49, 811.9200000000001, 7442450.61) (0, 1, 0) (0, 0) 
(486449.96, 811.9300000000001, 7442450.82) (0, 1, 0) (0, 0) 
(486449.44, 811.88, 7442451.01) (0, 1, 0) (0, 0) 
(486448.93, 811.69, 7442451.2) (0, 1, 0) (0, 0) 
(486448.43, 811.33, 7442451.390000001) (0, 1, 0) (0, 0) 
(486447.87, 811.11, 7442451.600000001) (0, 1, 0) (0, 0) 
(486447.35000000003, 811.21, 7442451.8) (0, 1, 0) (0, 0) 
(486446.82, 811.09, 7442452.0) (0, 1, 0) (0, 0) 
(486446.27, 810.82, 7442452.21) (0, 1, 0) (0, 0) 
(486445.77, 810.34, 7442452.390000001) (0, 1, 0) (0, 0) 
(486445.36, 808.82, 7442452.53) (0, 1, 0) (0, 0) 
(486444.86, 808.57, 7442452.71) (0, 1, 0) (0, 0) 
(486444.41000000003, 808.15, 7442452.88) (0, 1, 0) (0, 0) 
(486443.89, 807.9300000000001, 7442453.08) (0, 1, 0) (0, 0) 
(486443.37, 807.73, 7442453.2700000005) (0, 1, 0) (0, 0) 
(486456.18, 814.11, 7442447.58) (0, 1, 0) (0, 0) 
(486455.64, 814.12, 7442447.79) (0, 1, 0) (0, 0) 
(486455.10000000003, 813.9200000000001, 7442447.99) (0, 1, 0) (0, 0) 
(486454.60000000003, 813.75, 7442448.18) (0, 1, 0) (0, 0) 
(486454.07, 813.71, 7442448.38) (0, 1, 0) (0, 0) 
(486453.5, 813.53, 7442448.59) (0, 1, 0) (0, 0) 
(486452.98, 813.27, 7442448.79) (0, 1, 0) (0, 0) 
(486452.5, 812.99, 7442448.97) (0, 1, 0) (0, 0) 
(486452.0, 812.61, 7442449.15) (0, 1, 0) (0, 0) 
(486451.53, 812.45, 7442449.33) (0, 1, 0) (0, 0) 
(486451.03, 812.1800000000001, 7442449.5200000005) (0, 1, 0) (0, 0) 
(486450.47000000003, 811.99, 7442449.73) (0, 1, 0) (0, 0) 
(486449.97000000003, 811.98, 7442449.92) (0, 1, 0) (0, 0) 
(486449.42, 811.87, 7442450.13) (0, 1, 0) (0, 0) 
(486448.94, 811.62, 7442450.3100000005) (0, 1, 0) (0, 0) 
(486448.45, 811.35, 7442450.49) (0, 1, 0) (0, 0) 
(486447.89, 811.11, 7442450.7) (0, 1, 0) (0, 0) 
(486447.36, 811.09, 7442450.9) (0, 1, 0) (0, 0) 
(486446.85000000003, 810.89, 7442451.100000001) (0, 1, 0) (0, 0) 
(486446.32, 810.6, 7442451.3) (0, 1, 0) (0, 0) 
(486445.82, 810.1, 7442451.48) (0, 1, 0) (0, 0) 
(486445.92, 808.9200000000001, 7442451.42) (0, 1, 0) (0, 0) 
(486445.35000000003, 808.74, 7442451.640000001) (0, 1, 0) (0, 0) 
(486444.87, 808.33, 7442451.82) (0, 1, 0) (0, 0) 
(486444.4, 807.97, 7442451.99) (0, 1, 0) (0, 0) 
(486443.89, 807.8000000000001, 7442452.18) (0, 1, 0) (0, 0) 
(486443.41000000003, 807.65, 7442452.37) (0, 1, 0) (0, 0) 
(486442.86, 807.21, 7442452.57) (0, 1, 0) (0, 0) 
(486442.38, 806.82, 7442452.74) (0, 1, 0) (0, 0) 
(486441.84, 806.71, 7442452.95) (0, 1, 0) (0, 0) 
(486441.32, 806.71, 7442453.15) (0, 1, 0) (0, 0) 
(486440.82, 806.6800000000001, 7442453.34) (0, 1, 0) (0, 0) 
(486440.27, 806.59, 7442453.55) (0, 1, 0) (0, 0) 
(486439.71, 806.39, 7442453.76) (0, 1, 0) (0, 0) 
(486439.22000000003, 806.24, 7442453.94) (0, 1, 0) (0, 0) 
(486438.67, 806.15, 7442454.15) (0, 1, 0) (0, 0) 
(486438.13, 805.97, 7442454.350000001) (0, 1, 0) (0, 0) 
(486437.58, 805.9, 7442454.5600000005) (0, 1, 0) (0, 0) 
(486437.06, 805.83, 7442454.76) (0, 1, 0) (0, 0) 
(486445.86, 808.83, 7442450.4) (0, 1, 0) (0, 0) 
(486445.35000000003, 808.44, 7442450.59) (0, 1, 0) (0, 0) 
(486444.8, 808.14, 7442450.79) (0, 1, 0) (0, 0) 
(486444.31, 807.83, 7442450.98) (0, 1, 0) (0, 0) 
(486443.83, 807.45, 7442451.15) (0, 1, 0) (0, 0) 
(486443.33, 807.19, 7442451.34) (0, 1, 0) (0, 0) 
(486442.86, 807.03, 7442451.5200000005) (0, 1, 0) (0, 0) 
(486442.29000000004, 806.79, 7442451.73) (0, 1, 0) (0, 0) 
(486441.78, 806.6700000000001, 7442451.92) (0, 1, 0) (0, 0) 
(486441.24, 806.64, 7442452.13) (0, 1, 0) (0, 0) 
(486440.72000000003, 806.65, 7442452.33) (0, 1, 0) (0, 0) 
(486440.22000000003, 806.57, 7442452.5200000005) (0, 1, 0) (0, 0) 
(486439.67, 806.47, 7442452.73) (0, 1, 0) (0, 0) 
(486439.11, 806.32, 7442452.94) (0, 1, 0) (0, 0) 
(486438.62, 806.15, 7442453.12) (0, 1, 0) (0, 0) 
(486438.07, 806.0, 7442453.33) (0, 1, 0) (0, 0) 
(486437.54000000004, 805.9, 7442453.53) (0, 1, 0) (0, 0) 
(486456.18, 813.54, 7442446.53) (0, 1, 0) (0, 0) 
(486455.63, 813.5, 7442446.73) (0, 1, 0) (0, 0) 
(486455.09, 813.47, 7442446.94) (0, 1, 0) (0, 0) 
(486454.54000000004, 813.45, 7442447.15) (0, 1, 0) (0, 0) 
(486454.02, 813.4300000000001, 7442447.350000001) (0, 1, 0) (0, 0) 
(486453.49, 813.45, 7442447.55) (0, 1, 0) (0, 0) 
(486452.93, 813.1800000000001, 7442447.76) (0, 1, 0) (0, 0) 
(486452.41000000003, 812.9300000000001, 7442447.96) (0, 1, 0) (0, 0) 
(486451.92, 812.65, 7442448.140000001) (0, 1, 0) (0, 0) 
(486451.42, 812.4, 7442448.33) (0, 1, 0) (0, 0) 
(486450.95, 812.16, 7442448.5) (0, 1, 0) (0, 0) 
(486450.44, 811.94, 7442448.69) (0, 1, 0) (0, 0) 
(486449.88, 811.87, 7442448.91) (0, 1, 0) (0, 0) 
(486449.39, 811.72, 7442449.09) (0, 1, 0) (0, 0) 
(486448.85000000003, 811.46, 7442449.29) (0, 1, 0) (0, 0) 
(486448.37, 811.15, 7442449.47) (0, 1, 0) (0, 0) 
(486447.87, 811.1, 7442449.66) (0, 1, 0) (0, 0) 
(486447.29000000004, 811.07, 7442449.88) (0, 1, 0) (0, 0) 
(486446.77, 810.88, 7442450.08) (0, 1, 0) (0, 0) 
(486446.28, 810.5, 7442450.26) (0, 1, 0) (0, 0) 
(486456.01, 813.45, 7442445.390000001) (0, 1, 0) (0, 0) 
(486455.49, 813.4200000000001, 7442445.59) (0, 1, 0) (0, 0) 
(486455.01, 813.32, 7442445.7700000005) (0, 1, 0) (0, 0) 
(486454.45, 813.25, 7442445.98) (0, 1, 0) (0, 0) 
(486453.89, 813.1, 7442446.2) (0, 1, 0) (0, 0) 
(486453.4, 813.02, 7442446.38) (0, 1, 0) (0, 0) 
(486452.85000000003, 812.87, 7442446.59) (0, 1, 0) (0, 0) 
(486452.34, 812.63, 7442446.78) (0, 1, 0) (0, 0) 
(486451.81, 812.3000000000001, 7442446.98) (0, 1, 0) (0, 0) 
(486451.29000000004, 812.08, 7442447.18) (0, 1, 0) (0, 0) 
(486450.8, 811.9300000000001, 7442447.36) (0, 1, 0) (0, 0) 
(486450.29000000004, 811.79, 7442447.55) (0, 1, 0) (0, 0) 
(486449.79000000004, 811.65, 7442447.74) (0, 1, 0) (0, 0) 
(486449.27, 811.47, 7442447.94) (0, 1, 0) (0, 0) 
(486448.75, 811.27, 7442448.13) (0, 1, 0) (0, 0) 
(486448.22000000003, 811.1700000000001, 7442448.33) (0, 1, 0) (0, 0) 
(486447.71, 811.1, 7442448.53) (0, 1, 0) (0, 0) 
(486447.19, 810.99, 7442448.73) (0, 1, 0) (0, 0) 
(486446.67, 810.74, 7442448.92) (0, 1, 0) (0, 0) 
(486446.15, 810.09, 7442449.11) (0, 1, 0) (0, 0) 
(486445.77, 808.48, 7442449.23) (0, 1, 0) (0, 0) 
(486445.26, 808.13, 7442449.42) (0, 1, 0) (0, 0) 
(486444.72000000003, 807.71, 7442449.62) (0, 1, 0) (0, 0) 
(486444.21, 807.35, 7442449.8100000005) (0, 1, 0) (0, 0) 
(486443.7, 807.11, 7442450.0) (0, 1, 0) (0, 0) 
(486443.19, 806.94, 7442450.19) (0, 1, 0) (0, 0) 
(486442.7, 806.88, 7442450.38) (0, 1, 0) (0, 0) 
(486442.17, 806.87, 7442450.58) (0, 1, 0) (0, 0) 
(486441.63, 806.72, 7442450.78) (0, 1, 0) (0, 0) 
(486441.14, 806.59, 7442450.97) (0, 1, 0) (0, 0) 
(486440.57, 806.58, 7442451.19) (0, 1, 0) (0, 0) 
(486440.08, 806.46, 7442451.37) (0, 1, 0) (0, 0) 
(486439.56, 806.38, 7442451.57) (0, 1, 0) (0, 0) 
(486439.01, 806.27, 7442451.78) (0, 1, 0) (0, 0) 
(486438.48, 806.13, 7442451.98) (0, 1, 0) (0, 0) 
(486437.95, 806.03, 7442452.18) (0, 1, 0) (0, 0) 
(486437.43, 805.8100000000001, 7442452.37) (0, 1, 0) (0, 0) 
(486456.27, 813.26, 7442444.16) (0, 1, 0) (0, 0) 
(486455.76, 813.24, 7442444.350000001) (0, 1, 0) (0, 0) 
(486455.25, 812.96, 7442444.54) (0, 1, 0) (0, 0) 
(486454.73, 812.82, 7442444.74) (0, 1, 0) (0, 0) 
(486454.24, 812.75, 7442444.92) (0, 1, 0) (0, 0) 
(486453.68, 812.5500000000001, 7442445.140000001) (0, 1, 0) (0, 0) 
(486453.14, 812.4, 7442445.34) (0, 1, 0) (0, 0) 
(486452.64, 812.45, 7442445.53) (0, 1, 0) (0, 0) 
(486452.09, 812.23, 7442445.74) (0, 1, 0) (0, 0) 
(486451.57, 812.04, 7442445.94) (0, 1, 0) (0, 0) 
(486451.02, 811.89, 7442446.140000001) (0, 1, 0) (0, 0) 
(486450.51, 811.66, 7442446.34) (0, 1, 0) (0, 0) 
(486450.03, 811.48, 7442446.51) (0, 1, 0) (0, 0) 
(486449.52, 811.29, 7442446.71) (0, 1, 0) (0, 0) 
(486449.02, 811.23, 7442446.9) (0, 1, 0) (0, 0) 
(486448.48, 811.13, 7442447.100000001) (0, 1, 0) (0, 0) 
(486447.95, 810.98, 7442447.3) (0, 1, 0) (0, 0) 
(486447.43, 810.85, 7442447.5) (0, 1, 0) (0, 0) 
(486446.92, 810.6800000000001, 7442447.69) (0, 1, 0) (0, 0) 
(486446.44, 810.24, 7442447.87) (0, 1, 0) (0, 0) 
(486445.94, 809.77, 7442448.05) (0, 1, 0) (0, 0) 
(486445.53, 807.66, 7442448.18) (0, 1, 0) (0, 0) 
(486445.04000000004, 807.44, 7442448.36) (0, 1, 0) (0, 0) 
(486444.5, 807.3100000000001, 7442448.57) (0, 1, 0) (0, 0) 
(486443.94, 807.3000000000001, 7442448.78) (0, 1, 0) (0, 0) 
(486443.41000000003, 807.26, 7442448.98) (0, 1, 0) (0, 0) 
(486442.88, 807.12, 7442449.18) (0, 1, 0) (0, 0) 
(486442.39, 806.91, 7442449.37) (0, 1, 0) (0, 0) 
(486441.9, 806.77, 7442449.55) (0, 1, 0) (0, 0) 
(486441.37, 806.7, 7442449.75) (0, 1, 0) (0, 0) 
(486440.84, 806.66, 7442449.95) (0, 1, 0) (0, 0) 
(486440.33, 806.6, 7442450.15) (0, 1, 0) (0, 0) 
(486439.75, 806.48, 7442450.37) (0, 1, 0) (0, 0) 
(486439.27, 806.35, 7442450.55) (0, 1, 0) (0, 0) 
(486438.75, 806.28, 7442450.75) (0, 1, 0) (0, 0) 
(486438.21, 806.15, 7442450.95) (0, 1, 0) (0, 0) 
(486437.68, 805.99, 7442451.15) (0, 1, 0) (0, 0) 
(486437.16000000003, 805.72, 7442451.350000001) (0, 1, 0) (0, 0) 
(486439.49, 806.47, 7442449.42) (0, 1, 0) (0, 0) 
(486438.95, 806.34, 7442449.62) (0, 1, 0) (0, 0) 
(486438.44, 806.25, 7442449.8100000005) (0, 1, 0) (0, 0) 
(486437.95, 806.11, 7442450.0) (0, 1, 0) (0, 0) 
(486437.39, 805.95, 7442450.21) (0, 1, 0) (0, 0) 
(486456.02, 812.9, 7442443.2) (0, 1, 0) (0, 0) 
(486455.49, 812.9300000000001, 7442443.4) (0, 1, 0) (0, 0) 
(486454.97000000003, 812.83, 7442443.600000001) (0, 1, 0) (0, 0) 
(486454.44, 812.72, 7442443.8) (0, 1, 0) (0, 0) 
(486453.95, 812.58, 7442443.98) (0, 1, 0) (0, 0) 
(486453.42, 812.38, 7442444.18) (0, 1, 0) (0, 0) 
(486452.9, 812.1700000000001, 7442444.38) (0, 1, 0) (0, 0) 
(486452.36, 811.96, 7442444.58) (0, 1, 0) (0, 0) 
(486451.86, 811.71, 7442444.7700000005) (0, 1, 0) (0, 0) 
(486451.34, 811.57, 7442444.96) (0, 1, 0) (0, 0) 
(486450.77, 811.4, 7442445.18) (0, 1, 0) (0, 0) 
(486450.23, 811.27, 7442445.38) (0, 1, 0) (0, 0) 
(486449.73, 811.1700000000001, 7442445.57) (0, 1, 0) (0, 0) 
(486449.22000000003, 811.04, 7442445.76) (0, 1, 0) (0, 0) 
(486448.74, 810.9200000000001, 7442445.95) (0, 1, 0) (0, 0) 
(486448.23, 810.78, 7442446.140000001) (0, 1, 0) (0, 0) 
(486447.67, 810.62, 7442446.350000001) (0, 1, 0) (0, 0) 
(486447.19, 810.4300000000001, 7442446.53) (0, 1, 0) (0, 0) 
(486446.63, 810.25, 7442446.74) (0, 1, 0) (0, 0) 
(486446.15, 809.98, 7442446.92) (0, 1, 0) (0, 0) 
(486445.67, 809.62, 7442447.100000001) (0, 1, 0) (0, 0) 
(486445.25, 807.78, 7442447.24) (0, 1, 0) (0, 0) 
(486444.73, 807.58, 7442447.43) (0, 1, 0) (0, 0) 
(486444.22000000003, 807.32, 7442447.62) (0, 1, 0) (0, 0) 
(486443.67, 807.44, 7442447.83) (0, 1, 0) (0, 0) 
(486443.15, 807.09, 7442448.03) (0, 1, 0) (0, 0) 
(486442.58, 806.9, 7442448.24) (0, 1, 0) (0, 0) 
(486442.08, 806.85, 7442448.43) (0, 1, 0) (0, 0) 
(486441.57, 806.77, 7442448.63) (0, 1, 0) (0, 0) 
(486441.06, 806.7, 7442448.82) (0, 1, 0) (0, 0) 
(486440.57, 806.64, 7442449.01) (0, 1, 0) (0, 0) 
(486439.98, 806.62, 7442449.23) (0, 1, 0) (0, 0) 
(486455.99, 812.34, 7442442.08) (0, 1, 0) (0, 0) 
(486455.46, 812.3100000000001, 7442442.28) (0, 1, 0) (0, 0) 
(486454.9, 812.53, 7442442.5) (0, 1, 0) (0, 0) 
(486454.38, 812.48, 7442442.69) (0, 1, 0) (0, 0) 
(486453.84, 812.46, 7442442.9) (0, 1, 0) (0, 0) 
(486453.35000000003, 812.33, 7442443.09) (0, 1, 0) (0, 0) 
(486452.84, 811.96, 7442443.28) (0, 1, 0) (0, 0) 
(486452.31, 811.87, 7442443.48) (0, 1, 0) (0, 0) 
(486451.76, 811.6, 7442443.68) (0, 1, 0) (0, 0) 
(486451.26, 811.4300000000001, 7442443.87) (0, 1, 0) (0, 0) 
(486450.74, 811.33, 7442444.07) (0, 1, 0) (0, 0) 
(486450.18, 811.09, 7442444.28) (0, 1, 0) (0, 0) 
(486449.66000000003, 810.9300000000001, 7442444.48) (0, 1, 0) (0, 0) 
(486449.15, 810.76, 7442444.67) (0, 1, 0) (0, 0) 
(486448.64, 810.63, 7442444.86) (0, 1, 0) (0, 0) 
(486448.14, 810.64, 7442445.05) (0, 1, 0) (0, 0) 
(486447.61, 810.53, 7442445.25) (0, 1, 0) (0, 0) 
(486447.08, 810.37, 7442445.45) (0, 1, 0) (0, 0) 
(486446.59, 810.07, 7442445.63) (0, 1, 0) (0, 0) 
(486446.05, 809.83, 7442445.84) (0, 1, 0) (0, 0) 
(486445.58, 809.57, 7442446.01) (0, 1, 0) (0, 0) 
(486445.09, 809.07, 7442446.19) (0, 1, 0) (0, 0) 
(486445.17, 808.08, 7442446.15) (0, 1, 0) (0, 0) 
(486444.62, 807.84, 7442446.350000001) (0, 1, 0) (0, 0) 
(486444.11, 807.47, 7442446.54) (0, 1, 0) (0, 0) 
(486443.61, 807.2, 7442446.73) (0, 1, 0) (0, 0) 
(486443.08, 807.0600000000001, 7442446.93) (0, 1, 0) (0, 0) 
(486442.53, 806.9200000000001, 7442447.140000001) (0, 1, 0) (0, 0) 
(486441.97000000003, 806.83, 7442447.350000001) (0, 1, 0) (0, 0) 
(486441.46, 806.83, 7442447.54) (0, 1, 0) (0, 0) 
(486440.95, 806.79, 7442447.74) (0, 1, 0) (0, 0) 
(486440.44, 806.69, 7442447.93) (0, 1, 0) (0, 0) 
(486439.95, 806.64, 7442448.12) (0, 1, 0) (0, 0) 
(486439.37, 806.5, 7442448.34) (0, 1, 0) (0, 0) 
(486438.88, 806.44, 7442448.5200000005) (0, 1, 0) (0, 0) 
(486438.33, 806.3000000000001, 7442448.73) (0, 1, 0) (0, 0) 
(486437.83, 806.14, 7442448.92) (0, 1, 0) (0, 0) 
(486437.34, 805.98, 7442449.100000001) (0, 1, 0) (0, 0) 
(486451.17, 811.45, 7442442.7700000005) (0, 1, 0) (0, 0) 
(486450.65, 811.35, 7442442.96) (0, 1, 0) (0, 0) 
(486450.10000000003, 811.15, 7442443.17) (0, 1, 0) (0, 0) 
(486449.59, 810.9200000000001, 7442443.36) (0, 1, 0) (0, 0) 
(486449.04000000004, 810.6, 7442443.5600000005) (0, 1, 0) (0, 0) 
(486448.55, 810.49, 7442443.75) (0, 1, 0) (0, 0) 
(486448.05, 810.4, 7442443.94) (0, 1, 0) (0, 0) 
(486447.52, 810.29, 7442444.140000001) (0, 1, 0) (0, 0) 
(486447.04000000004, 810.16, 7442444.32) (0, 1, 0) (0, 0) 
(486446.48, 810.0, 7442444.53) (0, 1, 0) (0, 0) 
(486446.01, 809.48, 7442444.71) (0, 1, 0) (0, 0) 
(486445.5, 809.1800000000001, 7442444.9) (0, 1, 0) (0, 0) 
(486455.89, 812.0500000000001, 7442440.97) (0, 1, 0) (0, 0) 
(486455.41000000003, 811.95, 7442441.15) (0, 1, 0) (0, 0) 
(486454.9, 811.87, 7442441.350000001) (0, 1, 0) (0, 0) 
(486454.33, 811.73, 7442441.5600000005) (0, 1, 0) (0, 0) 
(486453.84, 811.66, 7442441.75) (0, 1, 0) (0, 0) 
(486453.29000000004, 811.47, 7442441.96) (0, 1, 0) (0, 0) 
(486452.78, 811.41, 7442442.15) (0, 1, 0) (0, 0) 
(486452.29000000004, 811.37, 7442442.34) (0, 1, 0) (0, 0) 
(486451.7, 811.51, 7442442.5600000005) (0, 1, 0) (0, 0) 
(486444.99, 808.85, 7442445.09) (0, 1, 0) (0, 0) 
(486444.55, 808.04, 7442445.24) (0, 1, 0) (0, 0) 
(486444.05, 807.54, 7442445.43) (0, 1, 0) (0, 0) 
(486443.5, 807.2, 7442445.63) (0, 1, 0) (0, 0) 
(486443.01, 807.0600000000001, 7442445.8100000005) (0, 1, 0) (0, 0) 
(486442.46, 806.9, 7442446.03) (0, 1, 0) (0, 0) 
(486441.91000000003, 806.8100000000001, 7442446.23) (0, 1, 0) (0, 0) 
(486441.37, 806.8100000000001, 7442446.44) (0, 1, 0) (0, 0) 
(486440.84, 806.72, 7442446.640000001) (0, 1, 0) (0, 0) 
(486440.35000000003, 806.63, 7442446.82) (0, 1, 0) (0, 0) 
(486439.83, 806.57, 7442447.0200000005) (0, 1, 0) (0, 0) 
(486439.32, 806.46, 7442447.22) (0, 1, 0) (0, 0) 
(486438.78, 806.41, 7442447.42) (0, 1, 0) (0, 0) 
(486438.26, 806.28, 7442447.62) (0, 1, 0) (0, 0) 
(486437.72000000003, 806.21, 7442447.83) (0, 1, 0) (0, 0) 
(486437.23, 805.95, 7442448.01) (0, 1, 0) (0, 0) 
(486455.89, 811.77, 7442440.04) (0, 1, 0) (0, 0) 
(486455.36, 811.74, 7442440.24) (0, 1, 0) (0, 0) 
(486454.86, 811.6800000000001, 7442440.43) (0, 1, 0) (0, 0) 
(486454.35000000003, 811.58, 7442440.62) (0, 1, 0) (0, 0) 
(486453.78, 811.57, 7442440.84) (0, 1, 0) (0, 0) 
(486453.31, 811.38, 7442441.0200000005) (0, 1, 0) (0, 0) 
(486452.74, 811.32, 7442441.24) (0, 1, 0) (0, 0) 
(486452.23, 811.25, 7442441.43) (0, 1, 0) (0, 0) 
(486451.75, 811.09, 7442441.61) (0, 1, 0) (0, 0) 
(486451.17, 811.01, 7442441.83) (0, 1, 0) (0, 0) 
(486450.65, 810.98, 7442442.03) (0, 1, 0) (0, 0) 
(486450.12, 810.82, 7442442.23) (0, 1, 0) (0, 0) 
(486449.58, 810.6800000000001, 7442442.43) (0, 1, 0) (0, 0) 
(486449.06, 810.51, 7442442.63) (0, 1, 0) (0, 0) 
(486448.49, 810.32, 7442442.84) (0, 1, 0) (0, 0) 
(486448.01, 810.27, 7442443.03) (0, 1, 0) (0, 0) 
(486447.49, 810.1800000000001, 7442443.22) (0, 1, 0) (0, 0) 
(486446.98, 810.04, 7442443.42) (0, 1, 0) (0, 0) 
(486446.52, 809.76, 7442443.59) (0, 1, 0) (0, 0) 
(486445.95, 809.49, 7442443.8) (0, 1, 0) (0, 0) 
(486445.47000000003, 809.21, 7442443.98) (0, 1, 0) (0, 0) 
(486445.01, 808.29, 7442444.140000001) (0, 1, 0) (0, 0) 
(486444.51, 807.84, 7442444.33) (0, 1, 0) (0, 0) 
(486444.04000000004, 807.5, 7442444.5) (0, 1, 0) (0, 0) 
(486443.5, 807.24, 7442444.71) (0, 1, 0) (0, 0) 
(486442.95, 807.02, 7442444.91) (0, 1, 0) (0, 0) 
(486442.46, 806.91, 7442445.100000001) (0, 1, 0) (0, 0) 
(486441.9, 806.8000000000001, 7442445.3100000005) (0, 1, 0) (0, 0) 
(486441.35000000003, 806.78, 7442445.5200000005) (0, 1, 0) (0, 0) 
(486440.81, 806.69, 7442445.73) (0, 1, 0) (0, 0) 
(486440.29000000004, 806.5600000000001, 7442445.92) (0, 1, 0) (0, 0) 
(486439.8, 806.5, 7442446.11) (0, 1, 0) (0, 0) 
(486439.27, 806.45, 7442446.3100000005) (0, 1, 0) (0, 0) 
(486438.76, 806.34, 7442446.5) (0, 1, 0) (0, 0) 
(486438.23, 806.25, 7442446.7) (0, 1, 0) (0, 0) 
(486437.7, 806.13, 7442446.9) (0, 1, 0) (0, 0) 
(486437.18, 806.01, 7442447.100000001) (0, 1, 0) (0, 0) 
(486454.27, 811.24, 7442439.8100000005) (0, 1, 0) (0, 0) 
(486453.77, 811.1800000000001, 7442440.0) (0, 1, 0) (0, 0) 
(486453.25, 810.9300000000001, 7442440.19) (0, 1, 0) (0, 0) 
(486452.74, 810.75, 7442440.38) (0, 1, 0) (0, 0) 
(486452.22000000003, 810.66, 7442440.58) (0, 1, 0) (0, 0) 
(486451.67, 810.88, 7442440.79) (0, 1, 0) (0, 0) 
(486451.15, 810.8000000000001, 7442440.99) (0, 1, 0) (0, 0) 
(486450.61, 810.74, 7442441.2) (0, 1, 0) (0, 0) 
(486450.05, 810.6700000000001, 7442441.41) (0, 1, 0) (0, 0) 
(486449.56, 810.5500000000001, 7442441.59) (0, 1, 0) (0, 0) 
(486449.01, 810.4, 7442441.8) (0, 1, 0) (0, 0) 
(486448.48, 809.88, 7442442.0) (0, 1, 0) (0, 0) 
(486447.94, 809.95, 7442442.2) (0, 1, 0) (0, 0) 
(486447.43, 809.8100000000001, 7442442.4) (0, 1, 0) (0, 0) 
(486446.93, 809.72, 7442442.59) (0, 1, 0) (0, 0) 
(486446.45, 809.5, 7442442.7700000005) (0, 1, 0) (0, 0) 
(486445.93, 809.19, 7442442.96) (0, 1, 0) (0, 0) 
(486445.47000000003, 808.24, 7442443.12) (0, 1, 0) (0, 0) 
(486444.97000000003, 808.03, 7442443.3100000005) (0, 1, 0) (0, 0) 
(486444.43, 807.72, 7442443.51) (0, 1, 0) (0, 0) 
(486443.96, 807.47, 7442443.69) (0, 1, 0) (0, 0) 
(486443.43, 807.21, 7442443.890000001) (0, 1, 0) (0, 0) 
(486442.9, 807.01, 7442444.09) (0, 1, 0) (0, 0) 
(486442.36, 806.84, 7442444.29) (0, 1, 0) (0, 0) 
(486441.85000000003, 806.79, 7442444.48) (0, 1, 0) (0, 0) 
(486441.32, 806.75, 7442444.69) (0, 1, 0) (0, 0) 
(486440.74, 806.6700000000001, 7442444.91) (0, 1, 0) (0, 0) 
(486440.2, 806.5500000000001, 7442445.11) (0, 1, 0) (0, 0) 
(486439.7, 806.49, 7442445.3) (0, 1, 0) (0, 0) 
(486439.18, 806.45, 7442445.5) (0, 1, 0) (0, 0) 
(486438.69, 806.38, 7442445.69) (0, 1, 0) (0, 0) 
(486438.17, 806.27, 7442445.88) (0, 1, 0) (0, 0) 
(486437.61, 806.13, 7442446.09) (0, 1, 0) (0, 0) 
(486437.11, 806.0600000000001, 7442446.28) (0, 1, 0) (0, 0) 
(486448.41000000003, 809.73, 7442441.13) (0, 1, 0) (0, 0) 
(486447.87, 809.57, 7442441.33) (0, 1, 0) (0, 0) 
(486447.35000000003, 809.3100000000001, 7442441.5200000005) (0, 1, 0) (0, 0) 
(486446.84, 809.15, 7442441.72) (0, 1, 0) (0, 0) 
(486446.36, 808.9300000000001, 7442441.890000001) (0, 1, 0) (0, 0) 
(486445.86, 808.6, 7442442.08) (0, 1, 0) (0, 0) 
(486445.36, 808.22, 7442442.26) (0, 1, 0) (0, 0) 
(486444.84, 807.96, 7442442.46) (0, 1, 0) (0, 0) 
(486444.34, 807.72, 7442442.65) (0, 1, 0) (0, 0) 
(486443.83, 807.3100000000001, 7442442.84) (0, 1, 0) (0, 0) 
(486443.34, 807.15, 7442443.0200000005) (0, 1, 0) (0, 0) 
(486442.8, 807.07, 7442443.23) (0, 1, 0) (0, 0) 
(486442.27, 806.94, 7442443.43) (0, 1, 0) (0, 0) 
(486441.73, 806.76, 7442443.63) (0, 1, 0) (0, 0) 
(486441.21, 806.6800000000001, 7442443.83) (0, 1, 0) (0, 0) 
(486440.68, 806.61, 7442444.03) (0, 1, 0) (0, 0) 
(486440.10000000003, 806.54, 7442444.25) (0, 1, 0) (0, 0) 
(486439.56, 806.52, 7442444.46) (0, 1, 0) (0, 0) 
(486439.05, 806.4200000000001, 7442444.65) (0, 1, 0) (0, 0) 
(486438.54000000004, 806.35, 7442444.84) (0, 1, 0) (0, 0) 
(486438.05, 806.34, 7442445.03) (0, 1, 0) (0, 0) 
(486437.51, 806.24, 7442445.24) (0, 1, 0) (0, 0) 
(486452.12, 810.39, 7442439.72) (0, 1, 0) (0, 0) 
(486451.59, 810.37, 7442439.92) (0, 1, 0) (0, 0) 
(486451.04000000004, 810.48, 7442440.13) (0, 1, 0) (0, 0) 
(486450.53, 810.48, 7442440.32) (0, 1, 0) (0, 0) 
(486449.99, 810.41, 7442440.53) (0, 1, 0) (0, 0) 
(486449.46, 810.02, 7442440.73) (0, 1, 0) (0, 0) 
(486448.97000000003, 810.01, 7442440.91) (0, 1, 0) (0, 0) 
(486449.45, 809.97, 7442439.68) (0, 1, 0) (0, 0) 
(486448.9, 810.02, 7442439.890000001) (0, 1, 0) (0, 0) 
(486448.39, 809.82, 7442440.08) (0, 1, 0) (0, 0) 
(486447.89, 809.45, 7442440.2700000005) (0, 1, 0) (0, 0) 
(486447.32, 809.3000000000001, 7442440.48) (0, 1, 0) (0, 0) 
(486446.79000000004, 808.96, 7442440.68) (0, 1, 0) (0, 0) 
(486446.33, 808.6, 7442440.850000001) (0, 1, 0) (0, 0) 
(486445.82, 808.3100000000001, 7442441.04) (0, 1, 0) (0, 0) 
(486445.34, 808.02, 7442441.22) (0, 1, 0) (0, 0) 
(486444.86, 807.77, 7442441.4) (0, 1, 0) (0, 0) 
(486444.3, 807.53, 7442441.61) (0, 1, 0) (0, 0) 
(486443.81, 807.39, 7442441.79) (0, 1, 0) (0, 0) 
(486443.25, 807.25, 7442442.0) (0, 1, 0) (0, 0) 
(486442.75, 807.1, 7442442.19) (0, 1, 0) (0, 0) 
(486442.27, 806.9, 7442442.37) (0, 1, 0) (0, 0) 
(486441.71, 806.74, 7442442.59) (0, 1, 0) (0, 0) 
(486441.18, 806.63, 7442442.79) (0, 1, 0) (0, 0) 
(486440.67, 806.58, 7442442.98) (0, 1, 0) (0, 0) 
(486440.09, 806.58, 7442443.2) (0, 1, 0) (0, 0) 
(486439.56, 806.5, 7442443.4) (0, 1, 0) (0, 0) 
(486438.99, 806.38, 7442443.62) (0, 1, 0) (0, 0) 
(486438.49, 806.34, 7442443.8100000005) (0, 1, 0) (0, 0) 
(486437.99, 806.33, 7442444.0) (0, 1, 0) (0, 0) 
(486437.45, 806.37, 7442444.21) (0, 1, 0) (0, 0) 
(486446.86, 808.78, 7442439.74) (0, 1, 0) (0, 0) 
(486446.36, 808.23, 7442439.92) (0, 1, 0) (0, 0) 
(486445.88, 807.89, 7442440.09) (0, 1, 0) (0, 0) 
(486445.36, 807.8000000000001, 7442440.29) (0, 1, 0) (0, 0) 
(486444.87, 807.69, 7442440.48) (0, 1, 0) (0, 0) 
(486444.35000000003, 807.6800000000001, 7442440.67) (0, 1, 0) (0, 0) 
(486443.79000000004, 807.51, 7442440.890000001) (0, 1, 0) (0, 0) 
(486443.32, 807.3000000000001, 7442441.0600000005) (0, 1, 0) (0, 0) 
(486442.77, 806.96, 7442441.2700000005) (0, 1, 0) (0, 0) 
(486442.27, 806.86, 7442441.46) (0, 1, 0) (0, 0) 
(486441.77, 806.79, 7442441.65) (0, 1, 0) (0, 0) 
(486441.2, 806.72, 7442441.87) (0, 1, 0) (0, 0) 
(486440.67, 806.6700000000001, 7442442.07) (0, 1, 0) (0, 0) 
(486440.15, 806.62, 7442442.2700000005) (0, 1, 0) (0, 0) 
(486439.59, 806.48, 7442442.47) (0, 1, 0) (0, 0) 
(486439.07, 806.37, 7442442.67) (0, 1, 0) (0, 0) 
(486438.49, 806.28, 7442442.890000001) (0, 1, 0) (0, 0) 
(486438.0, 806.24, 7442443.08) (0, 1, 0) (0, 0) 
(486437.48, 806.36, 7442443.28) (0, 1, 0) (0, 0) 